566 2550 10659 1214 4740 3406 11756 1464 5822 3407 4737 809 2573 2570 10634 1478 1476 810 3652 3896 815 816 817 818 5850 2580 3427 2335 1245 822 5843 825 10881 826 827 5846 4516 829 3682 2595 3200 2590 3437 10617 831 5853 4540 3451 3448 842 606 10620 15285 15284 15283 15282 5881 15289 15288 15287 15286 15281 15280 3218 851 610 853 612 854 613 4544 615 7812 4789 7815 15296 15295 15294 15293 15299 15298 15297 1297 3233 1293 15292 15291 15290 620 621 863 622 623 624 7826 5406 5422 3240 14859 875 635 5654 636 5655 638 5419 7838 645 3245 7844 647 8935 648 14861 649 5427 7848 12689 5428 5429 5684 5443 5202 3023 1086 653 658 5692 5452 8963 6786 1092 661 662 664 5207 13756 4119 7640 4373 5220 5464 7641 5223 5465 4135 5224 13969 672 675 4126 7651 3057 688 4136 11794 8992 6570 7662 7663 691 4389 7657 8746 10680 10689 10682 12865 10685 9862 5264 5265 9623 9865 15421 15663 13001 15420 15662 9863 15661 7687 15660 5258 15425 15667 15424 15666 8767 13002 15423 15665 15422 15664 15429 15428 15427 15669 15426 15668 15670 5276 15432 15674 5277 15431 15673 15430 15672 15671 3098 7691 15436 15678 15435 15677 12169 15434 15676 15433 15675 15439 15438 15437 15679 9641 4195 5287 15641 15640 15409 15408 5038 15403 15645 15402 15644 8305 15401 15643 15400 15642 15407 15649 15406 15648 15405 15647 15404 15646 8325 15410 15652 8326 15651 7237 15650 8324 5051 15419 15414 15656 9408 15413 15655 15412 15654 15411 15653 15418 15417 15659 15416 15658 15415 15657 7241 7481 15629 15628 15623 15622 8327 15621 15620 1936 15627 13207 15626 15625 15624 8341 15630 15639 15634 15633 15632 15631 15638 15637 15636 15635 6175 8354 8350 15609 15608 15607 15606 15601 15600 15605 15604 15603 15602 8365 5090 1964 15619 15618 15617 15612 15611 15610 15616 15615 15614 1966 15613 15263 15262 15261 15260 15267 15266 15265 9226 15264 3915 3918 15269 15268 15274 8388 15273 15272 15271 15278 15277 15276 15275 15270 15279 3922 15241 15483 15240 15482 15481 15480 15245 15487 14156 15244 15486 15243 15485 15242 15484 1991 15249 15248 15247 15489 15246 15488 15252 15494 13074 15251 15493 9254 15250 15492 15491 15256 15498 15255 15497 15254 15496 15253 15495 15490 9251 2613 1763 2850 15259 15258 2619 15257 15499 1528 15461 15460 9024 15465 15464 15221 15463 15462 9261 9020 15469 15468 15467 15466 15229 15230 15472 15471 15470 15234 15476 15233 15475 15232 15474 15231 15473 15238 15237 15479 15236 15478 15235 15477 1307 15239 13260 15681 15680 15443 15442 15441 15440 15682 2650 15447 15446 15445 15444 4824 15449 1559 15448 15450 15454 15453 15452 15451 1330 2660 5926 2651 15216 15458 11099 15457 5920 15456 15455 15459 907 2669 11623 917 1592 1103 11634 4616 2692 3535 1597 2686 2684 3792 5971 1373 941 700 704 6811 948 12911 1137 5733 958 4888 5738 1396 3573 6833 7941 4681 4684 1176 3108 3107 744 745 7700 5769 7961 7720 1185 3118 752 2268 12554 5536 7718 4220 5552 1198 9908 769 12323 4219 5308 5322 6896 771 10359 2288 778 5313 11683 7733 11682 7736 10358 8600 10360 2062 786 6656 4237 5328 7749 5100 12990 3161 794 797 3157 5335 10571 10577 3171 11679 568 5348 8874 575 576 579 4027 6209 7796 8403 8642 3197 581 12506 585 587 588 589 14690 14691 14694 15300 15542 4056 15541 14692 15540 14693 592 15309 12277 15304 15546 15303 15545 15302 15544 15301 15543 15308 15307 15549 15306 15548 15305 15547 4062 15311 15553 15310 15552 8422 15551 15550 15315 15557 15314 15556 15313 15555 8416 15312 15554 15319 15318 15317 15559 15316 15558 12490 5163 12491 5165 6495 15520 5167 6255 12010 15529 15524 15523 15522 15521 15528 15527 15526 15525 4085 15531 15530 7107 15535 15534 15533 15532 15539 15538 15537 15536 6033 12472 15509 15508 15507 15502 15501 15500 15506 15505 15504 15503 7374 5194 2910 15519 15518 7129 15513 15512 15511 15510 15517 15516 15515 15514 1833 11127 9335 1600 2935 15384 15383 15382 15381 15388 15387 15386 15385 8490 15380 1611 2700 15389 2947 2946 9113 15395 15394 15393 15392 15399 15398 15397 15396 15391 15390 15362 15361 15360 15366 15365 15364 15363 7180 15369 15368 15367 1637 15373 15372 15371 15370 15377 15376 15375 15374 1883 15379 15378 2978 15340 15582 15581 15580 15344 15586 15343 15585 15342 15584 15341 15583 2990 1654 1653 15348 15347 15589 15346 15588 15345 15587 15349 15351 15593 15350 15592 15591 15590 15355 15597 15354 15596 15353 15595 15352 15594 1425 1665 2751 15359 15358 15357 15599 14026 15356 15598 1428 12291 15560 9169 15322 15564 15321 15563 15320 15562 15561 8070 9164 3859 1430 15326 15568 15325 15567 15324 15566 15323 15565 15329 1439 15328 1438 15327 15569 15571 15570 15333 15575 15332 15574 15331 15573 15330 15572 1448 1686 5809 3621 15337 15579 15336 15578 13156 15335 15577 15334 15576 15339 1207 15338
2045 3481 3318 5853 7639 4141 5750 4740 22165 22166 4180 3171 2711 14825 22162 22163 22164 5940 21394 7766 21393 4017 2717 14824 2714 6373 6571 2723 2566 3138 2565 2642 2046 5832 16699 7754 7831 3110 3154 3196 22147 22148 22149 5927 2577 3226 2772 7700 3863 14800
3376 3670 26500 26985 27029 26499 24966 26737 3625 3624 3601 3623 6942 4434 16733 3841 3711 3920 3943 14646
26720 26721 27108
2044 20764 5022
3374 3549 3838 3839
26722 27070
2041 8882 4276 4156 4234 9776 2045 2042 22410 2686 2763 2773 2046 3696 11055 2718 13773 5714 2714
3372 3514 26680 3373 3811 26426
26724 26816 26803
2040 16385 9386 4880 13220 13155 16387 4883 16386 2650 3133 2591 14913 14919 4884 4888 8706
3371 4012 3570 3481 6192 3380 3748 5717 3903 3959 3598 3809 3399 6359 5897 7813 5716
26723 26915 26818 26817 26812
3370 9840 6058 9247 6209 6087 9810 8403 5971 4146 6004 6026 7214 5091 9809 3906 9803 9804 14743 7229 9802 4899 9808 14744 14745
26725 26726
13419 19304 28619 28718 19303 28719 13430 28723 28614 28724 28721 28722 28617 28618 28615 28725 28726 13428 13429 28720 19305
13417 19840 19876 19826 19839
14748 14749
2039 4074 6066 14750 4794 7457 7863 2045 2770 4180 4947 2723 2767 2711 2721 2765 2720 2763 2046 3696 4216 2714 15932
13418 13419 28862 28863 28866 28864 28865
2038 20764 5022
3369 16690 3650 3651 3530 3574 26345 26326 27313 27314 26417 3417 3969 3707 27312 3465 3894 3631 3895
3368 20970 4221 19816 19815 20969 3766
2036 2720
3367 20969 26689 26677 26688 26690 3514 26692 26691 26573 3368 26572 26693 26574 3766 3408
3366 3439 3639 3489 3495
4697 7088 7461 7200 7103 8655 12075 12074 7248 7380 6250 7460 21448 7184 10955 10959 7437 4720 11660 4721 7318 8723 4700 4701 4702 7175 20762 7379 7491 6140 14028 7208 12048 7306 10961 10960
13411 24214
4698 7396 9443 9452 8221 6810 4699 8416 6307 22897
13412 35226 23288 13415 13413 13414
14743 14744
4699 7011 22008 22009 5976 7051 22006 22007
14740 14741
13410 17893 21347 21346 19997 21345 15386 19893 21349 21348 13418 21350 19958 13432 18645
13415 24748 17113 21544 24747 24739 24738 24749 17098 24740 24751 24684 24750 24742 24753 24741 24752 24744 24743 24746 24745
14746 14747
13416 13417
13413 29761 17113 29708 17097 17098 29763 29762 29795 24695 13415 13414
13414 21545 21544 29708 24751 29703 24695 24750 24753 24752 29729 29706 29727 29726 29761 29721 29720 29763 29762 17113 24749 24684 24744 24743 24746 24745 29695 24683 24682 29696 29795 13415
2056 5382 8495 7127 2076 2075 6906 2622 10937 14379 7513 8888 5614 5658 10930 5352 4385 4223 19790 2084 2083 2754 2555 2994 4378 8219 7205 14421 14268 6715 16804 12327 5507 6518 8234 5164 6694 6297 8755 14475 8235 3143 10799 14555 4704 9019 14486 22508 22509 14165 10800 18726 6930 10204
3387 3388
2055 7440 7241 7200 19188 4694 19187 2071 2944 2943 9539 4687 4841 4842 7119 10015 13922 2081 2080 7970 3491 2082 2559 2398 4379 4810 12325 7385 7386 9563 12174 2494 2294 2489 2323 4103 11045 2929 4104 9958 8746 2924 9531 4362 7235 9572 2060 2854 4718 4839 2378 2058 4114 14402 2937 19218 11975 2857 19219
3386 16550 21105 7123 4175 4296 4154 4297 4156 4310 9121 20755 4323 4148 4305 4306 16616 19327 16615 16933 6340 4002 4300 26505 16929 16646 6339 4238 16924 4318
3385 3390 3391
2053 7386 9563 9304 7388 19201 2055 2075 9580 5676 4842 4866 10015 2924 4704 18743 14265 19199 2066 2065 2062 2061 2082 10845 2752 7986 4952 6836 14427 19339 11975 18746 18768
3384 26529 26571 26570 26584 26572 26709 26576 26724 3580 26723
2052 4095 7363 4690 7442 18930 19188 4694 19187 19261 9580 2071 4094 2944 10018 13929 9539 4841 4127 4842 7119 10015 18976 19349 4847 2081 2080 8223 18743 5036 8224 9594 3491 2082 2559 11715 2752 2398 18748 8737 12325 18745 18746 12326 13931 4393 18752 7387 19205 7386 9563 19204 12174 19287 19201 19288 2055 2053 2294 4826 2489 4103 18759 4104 8746 15208 18757 4704 9531 19057 2066 2062 2061 2854 4718 2378 14402 18926 19217 11975 18768 2857
2051 19346 19348 18930 19347 19188 19187 12077 19266 18690 2075 18691 9580 2071 2469 2741 2785 4842 10015 19349 4847 2081 2080 19279 18743 14144 5036 2481 9594 2082 11717 2752 2751 2079 18748 6836 12325 14427 18746 4393 7387 19205 19249 7386 9563 7388 17143 2055 2770 2053 2052 2294 4827 9119 8746 4704 19208 12381 19057 2066 2062 11811 2854 4718 2058 4114 13156 18689 11975 18768
3382 3958
2050 2051
3380 3748 3913 4063 5681 17895 9981 3598 3809 3399 6359
14716 14717
2049 18930 19188 19187 2076 2074 2073 2072 2944 2469 2622 2068 9539 4842 10015 2081 2080 18743 5036 8224 2481 9594 2082 11717 18748 12325 19118 18746 6518 4393 7386 9563 7388 2056 2055 2053 2052 2051 4827 5676 4104 8746 18756 10798 4704 10797 14165 19057 2067 2066 2065 2062 2061 2060 11976 4718 4114 4952 19217 11975 18768 2857
2048 26320
3379 3455 3851 23322 3798 3634 3799 3635
2047 8650 5144 12130 4530 3981 8291 13947 10238 13948 13945 13946 13949 7955 13943 4603 13944 2847 5517 13941 13942 5052 8683 2482 11712 2337 2458 2832 13956 2732 13957 13950 13951 12268 13954 13955 7949 13952 13953
3378 26959 26507 26958 26708 26961 26448 26957 26417 26956 15708 26454 26960
2046 21468 2091 4294 4156 4376 9346 4113 7863 2111 2771 2770 20878 21469 2723 8709 2763 2762 4147 4800 7936 2924 18537 2769 19329 8684 4063 4283 4340 2082 3050 4061 4716 2711 2774 3027 2773 4213 4699 2718 2717 6319 2714
3377 3596 26885 26884 26887 26886 26889 26888 3516 26890 26881 26880 26883 26882
14710 14711
14713 19418
14712 36022 36021 36020
3390 3489 26486 3495 3395 3391
26706 27482
26705 26706
26708 26961
26709 26816 27217 26711 26843 26724 26715 26803 27218 27219 27220 27221 27222
2067 2068
3398 4242
2066 14173 4373 7386 9304 14475 6357 14197 19201 19142 2075 9580 2622 3038 2068 5676 6447 10396 11564 8746 4866 11786 10798 10930 14458 4704 14481 19159 14480 14144 14287 14288 18760 19212 4289 14165 2067 13191 14506 14627 2752 14126 14500 7128 10442 14125 12325 12327
2065 14152 2068 2067 2066 14432 4866
3396 3639 26664 3495
26700 26701
2064 2515 6274 2554 2564 11020 4535 9341
3395 3439 3639 26661 3489 26662 3396 3495
2063 2554 2111 2064
3394 6153 7441 6311 5992 9281 6191 11704 4521 4543 5896 17703 4522 4534 4557 5998
26702 26703
2062 14173 18752 19205 7386 9563 19187 19244 19285 2294 9580 2071 2068 5676 9539 8746 4866 10015 10798 18757 4847 2081 8223 8763 14165 2067 2066 2065 9594 14126 6836 18745
2061 7363 18770 13680 2078 2075 9580 9539 4723 10015 2081 14144 4144 4146 2436 2555 18748 2918 4138 6836 12325 18745 12327 18746 9520 7386 9563 18754 2294 2323 5676 18759 18755 6846 18756 10798 18757 18758 18762 18763 18764 18765 18760 14165 18761 2066 2383 2062 16907 4477 9529 18766 18767 18768 18769
26704 26706 26705
2060 5053 9304 9524 19113 2066 19174 19182 3443 5676 14126 7513 11786 17248 18756 12327
3391 26486
2059 2060
2058 6087 7671 9531 12381 2088 2064 2063 3370 2515 2559 11811 4718 9809 2785 2079 4103 4379 2956
3389 3523 3963
2057 19155 19154 5696 6357 5499 6653 2271 2524 4809 10707 5698 7947 2947 10721
3388 3492 27518
14724 14725
14723 22133 22134 22135
2070 4063 10020 6565 4170 2735 2723 2954 2741 2752 2751 6887 8737 10021 2717 2727
2078 3770 3640 3121 3561 3491 2625 3109 2501 3227 3348 14434 2707 3767 2704 3769 13216 14239
2076 2091 4195 7343 7342 7345 4694 7344 2494 4092 2944 2943 4849 2963 2489 13928 4686 11045 2929 4821 2924 2946 2080 7455 4388 2084 2931 5984 4115 18926 4832 7407 2956
2075 7387 11083 7386 7388 19186 2271 9580 5676 14313 4842 11564 19207 4868 10798 19209 4704 4847 19208 2081 9553 4360 18743 11074 14144 19210 5036 14483 11592 14165 14484 19211 9110 11811 2752 3005 14126 6677 14402 4952 6836 18920 19118 18922 12326
2073 17251 17063 2074
2072 2074 2073
2071 9563 2075 2294 2944 2323 9539 4842 8746 6846 4704 4847 9553 2080 9552 18743 6664 2082 2854 4718 2378 18748 8737 18920 18921 18746 18922 12326
3399 3903 4063 3959 17895 9981 15286 3846 4072
2081 7165 7363 4690 7120 18972 7442 19188 19187 4376 19186 4290 2944 2743 4840 6700 9539 14379 3994 4841 4842 7119 4844 10015 13724 18976 4847 8223 8220 9079 18743 4187 4385 11030 8227 4388 2082 3404 11715 2752 2398 18748 12325 18987 18746 12326 4393 19323 7387 8231 7386 9563 9524 19320 4397 19322 8236 19321 4071 4826 4827 4828 2489 4103 18638 18759 2929 4104 4864 8228 8746 6846 2528 2924 4704 4825 10797 9531 8246 2777 2854 4718 14402 19217 18768 2857
2080 4393 4690 7387 7386 4694 19187 2294 2944 2469 2468 13928 4103 9539 14379 4104 4841 7119 8746 10015 4847 2081 9531 4483 18743 7235 19057 9593 2082 2953 4718 4839 11717 2378 2752 2993 2398 4114 8737 12325 18768 2857
2088 12150 12195 24377 28459 24376 28458 6591 24371 24373 2103 28454 4844 4381 9113 7930 11230 4586 2089 24387 28468 28469 2559 24380 28462 28463 2799 28460 28461 28466 28467 2278 28464 28465 6834 4535 13773 4392 4396 28473 28474 28471 24392 28472 2323 24394 11928 28475 28476 4588 12056 6965 4108 28470 19216 25215 24400 4439
2086 2087
2085 7939 9293 13148 13149
2084 7165 10090 9485 11085 8755 4530 8236 3143 2470 4828 4809 19709 14555 4864 5614 2528 22503 9477 8221 9079 9019 4223 4388 19790 9472 10803 6715 10204
2083 10937 7513 7612 2084 6815
2082 9542 2110 9580 2944 9539 8726 4127 4842 7119 4847 4066 14265 2482 2751 3004 7009 7207 2717 6319 12325 2714 7387 7386 4275 4276 7388 4233 6378 2771 2294 2323 2762 2563 4103 4104 2928 8746 2924 4704 9531 4717 2854 4718 2378 4114 18924 18925 13156 18926 2937 2857 18923
14706 14710 14711
2079 2515 11811 2785
14709 14713 19418
14703 14704 35997 35996 35995 14731 14732 14733
14701 14702
2092 7484 7123 18115 17940 8688 3143 2294 2303 17938 17939 7525 15139 17968 4677 17941 6802 17942 17943
2091 9103 6353 7324 2550 6072 7283 3115 6229 5976 4220 6080 4181 5984 5985 5986 2718 6098 9883 6097 8077 7188 4793 3023 4070 6492 9085 9086 8943 6209 6023 7277 6220 12340 12341 5971 2142 6180 2262 3076 3075 9096 4281 8085 9097 2779 2777 3028 12344 3786 12342 12343
2090 2091 18423 4793 7324 2430 2550 6080 5150 8085 4507 2323 2288 4884 5984 6229 6515 12342
2099 6581 27436 26499 27437 27435 3460 27319 8186 27438 27318 27439 3601 27284
2098 6742 6700 19285
2097 2098
2096 4293 17366 7123 17367 4176 8698 3046 20899 2229 2746 4203 4248 4800 4184 4340 4221 2165 3050 4213 16567 16529 18667 16528 16373 4152 4197 4230 4310 16497 3067 3182 20875 2886 3214 4224 16338 3899 19698 18683 18281 18282 18283 2776 2773 2939 4513 6615 2736
2094 28540 28541 28542 14676 28539
2093 8883 6991 4395 8666 4398 9174 10602 10604 10603 10605 10189 5966
14690 14694 14695
13360 13361
14694 15608 15607 15293 14695 15275 15248 15247 15338
13361 13363 13364 13362 13365
14692 14693
24013 24014
25345 25347 25346
26676 27272 27273 27108
25344 25345 25347 25346
26675 26676
25346 25347
26677 26683 26682 26685 26684 26687 26686
25348 25349
36007 36008
25341 25343 25342
26672 26673 27106 27107 27028 27105 26679
36006 36008 36007
25340 25341 25343 25342
26671 26672 26673 26679
36005 36008 36007 36006
24011 25471 28444 28445
26674 26676 26675
25342 25343
26673 26677
13368 23298 23299 23300
14699 14701
14696 14701
13366 35865 35864 28455 35863
13370 13371
12040 16072
12041 34174 34173 34172 34171 34170
24025 28430 28433 28434 28431 28432 28437 28438 28435 28436
25355 25356
26686 26687 26722
26689 26690 26692 26691
25357 25358 25359
26688 26690 26692 26691 26689
24028 24029
25350 25351
24020 28434 28437 24025 28438 28435 28436
25352 25354 25353 25356 25355
26683 26685 26684
26682 26683 26685 26684
25354 25356 25355
25353 25354 25356 25355
26684 26685
12046 12055
13379 13380
12048 13143 13144 15942 13145
12047 13134 22401
13341 13342 13343
13342 13343
25323 27962 27969 27967 27975 27976 27973 27974 27979 27977 27978 27971 27972 27970 27986 27789 27987 25325 27984 25324 27985 25326 27988 27989 27982 27983 27980 27981 27959 27953 27997 27954 27998 27478 27995 27952 27996 27957 27958 27955 27999 27956 27791 28000 27792 27990 27476 27993 27477 27994 27793 27991 27475 27794 27992
25322 25323 25325 25324 25326
27987 27992
25325 27789 27962 25326 27967 27959 27953 27954 27478 27973 27952 27974 27957 27958 27955 27977 27956 27791 27792 27476 27477 27972 27793 27475 27794 27970
25324 28033 28034 28031 28032 27809 25325 27721 25326 28030
27985 27990 28004 28005 27991 28003 27986 27989
25327 25329 25328
26658 26659
25326 27809 27810 27953 27964 27975 27965 27976 27973 27963 27974 27966 27967 27993 27961 28002 27475
25328 25329
27989 27990 28004 28005 27991 28003
26650 26651
27982 27994 27995
27983 28027
25321 27809 25323 27810 27953 27964 25322 27965 25325 25324 27952 27963 25326 27966 27961 27475
25320 25321 25323 25322 25325 25324 25326
27981 27986 27985
14676 28540 28541 28542 28539
12012 13991
13346 22833 13347
12015 16554 16556 16555
12014 12015
12020 17152 12409 17363 17364 17151 14029
13352 13353
14683 14684
12021 12022
14682 14683 14684
26665 26670 27079 26667 26666
27997 28000 28001 29362 29358 27998 29361 29360
25333 25334
25336 25337
27995 27997 27998
26666 27079 26667
25338 25339
24009 24011
27990 28005 27991
26660 29934 29936 29935
27994 27995
27991 28005
25331 25332
13356 13357
14688 17921
13354 13355
14686 14827 32841 32842 32840 32838 32839 32837
13358 13359
13320 22101
15981 18720 20990 17390 23179 18997
27964 27965 27966
25300 25301
27965 27966
27962 27987 27984 27995 27985 27979 27969 27967 27978 27989 28001 28004 27994 28005 28003
25302 29845 25303 29844
27963 27964 27965 27966
25305 27242 34854 25306
27968 27970 27969
27969 28001 27970 27997 27998 27995 27978
26637 31388 31387 31389 31384 31386 31385 31382
27967 28001 27970 27992 27975 27976 27987 27968 27969 27978
13329 20963
27960 27961
27961 27964
26630 26631
15986 15991
13321 13348
15983 17145 17328
15989 15990
15993 15994
15990 18324 18511 18352 18353
25312 25314 25313 25315
27975 27976
25311 25312 25314 25313 25315
25314 25315
27973 28002 27974
25313 25314 25315
27974 28002 27977
25316 25317
27979 27980 27981 27986 27985
25318 25319
26648 26649
27978 27986 27997 27987 27998 27984 27995 27985 27979 27989 27990 28001 28004 28005 27980 27991 27981 27992 28003
27972 27990 27982 27991 27985 27989
12002 24462
15997 23123
12006 12007
13336 35579 35578 35580
14668 24203
15998 15999
26617 26650 26651 26626
15960 17455 25579
26610 26612 26611
26612 31389 31384 31383 31385 31390 31382 26637
27940 27941
26611 31388 31387 31389 31384 31383 31386 31385 31390 26612 31382 26637
26614 26615
27946 29101 27947
14638 14639 14640
14639 14640
15969 17145 17592 15983 17327 17328
14630 14631
14631 28819 28818 17976
14637 26392 26509 16443 16756 16776 16727 26515 16715 16757 26329
13303 35537 35536 35541 35540 13306 35539 35538
15965 15966
15970 17404
27953 28002 27973 27974
27954 27955 27956
27952 27953 27954 27957 27958 27955 27956
27957 29033 29371 29370
27955 27956
14649 14650
13312 35548 35547 35566 34069 35565 35550 35549
14641 14642
15973 17704
15972 15973
14647 14649 14650 14648
14648 14649 14650
15978 15979
15977 15979 15978
14646 26698 26985 26986 26987 26988
15976 15979 15978 15977
36082 36085 36084 36083
36080 36081
36089 36090
36088 36089
36086 36087
36084 36085
36083 36085 36084
24093 24094 24095
24094 24095 24116
24097 27387
24099 34026 24776
24092 30113
36071 36081 36080 36079 36078 36077 36076 36075 36074 36073 36072
36079 36081 36080
36078 36082 36081 36080 36079 36085 36084 36083
36077 36081 36080 36079 36078
36076 36081 36080 36079 36078 36077
36075 36080 36076
36074 36080 36076 36075
36073 36081 36080 36079 36078 36077 36076 36075 36074
36072 36081 36080 36079 36078 36077 36076 36075 36074 36073
12095 12471
12094 13633
12097 12098
12096 12097 12098
36067 36068
36066 36068 36067
36065 36068 36067 36066
36062 36064 36063
12090 12391 12392 12384 12134 12135 12128
24071 24072 24073
24072 24073
24074 24075 24076
24075 24076
24077 24078
36069 36070
36056 36057
36055 36057 36056
36053 36054
36052 36054 36053
36050 36051
24083 24084
24084 24085
36059 36060
24089 24091
36058 36060 36059
12077 13923 12078 18690 18482 18689
12076 22074 22075 22153 22154
24057 33806
36046 36049 36048 36047
25388 25389
24059 33873 33874 33860 33871 33872 33870 33869
36044 36045
36043 36045 36044
36041 36042
24050 24051
25380 25381
25382 25383
24054 33858
25384 25385
36048 36049
24056 24057 33806 33835
25386 25387
12082 13093 12390 12393 12394 12124
12084 12465
24068 33806 24069
36031 36034 36033 36032
36030 36031
24060 24061
25392 25394 25393 25396 25395
25394 25396 25395
24063 33886 33887 33860 33861 33888
25393 25394 25396 25395
36039 36040
24065 24066
25395 25396
36038 36039 36040
25398 25399
24067 24068 24069
25397 25398
36036 36037
25390 25391
13382 13385 13386 13383 13384
13380 13381
36024 36027 36026 36025
24036 29057 29058 29945 29944 29943
25366 25367
36023 36027 36026 36025 36024
25368 25369
26699 27414 27415 26700 27412 27413 27418 26701 27419 27416 27417 27421 27411 27420
36021 36022
36020 36022 36021
26690 26692 26691
4706 7446 7501 19564 19563 7418
4707 7220 7297 7298 22045 6250 7394 7393
4708 22539 4885 22377 22379
25360 25361
26691 26692
4709 4710 4711
24031 24032 24033
26694 26707
36028 36029
24032 24033
25362 25363
26693 26911 26811
36026 36027
25364 25365
26695 26696
36025 36027 36026
4700 8374 5277 7248 12187 6213 12186 22013 7491 6250 7096 6509 15739 13018
4701 7105 21451 7203 7357 21450 4702 6406 7096
4702 10960
4703 8354 7200 6476 18609 7357 7408
4704 17300 7386 18930 9304 7168 7388 7281 9580 4842 11564 8746 11785 10930 19209 4847 9553 19214 19213 19216 18743 19215 14265 19212 9593 11715 11078 18748 14402 6836 14427 11975 12327 18746 18922
13396 16036 24059 33864 33854 33865 33862 24063 33863 33860 24054 33861 33859 33857 33858 33855 33866 33856 33867
12063 23648
12065 24716 16202 16213 16201 16210 12321 16204 16215 16214 16207
25378 25379
25377 25378 25379
36012 36013
4716 20643 5053 15141 9342 19821 9343 22507 9346 9885 21066 13571 9341 11056 13168 10972 11015 17921
25370 25371
4717 22118 15174 16450 19216 11071 15179 7863 22115 22116 22117 11812 11813 13156 18327 16449
4718 7363 7387 7442 6891 7386 9563 19204 9524 19188 19187 19186 19185 9580 9539 4841 9958 4842 8746 18757 4847 9531 18743 7510 5036 19234 19233 19197 19196 9594 18924 18925 18745 19217 11975 18768
25372 25373
4719 6296 7477 7457 8989 8987 6118 8092 8988 8571 11700 11699
36018 36019
25374 25376 25375 25378 25377
36016 36017
24044 24048
25376 25378 25377 25379
25375 25376 25378 25377 25379
36014 36015
4710 4711
4713 4843
4714 7343 7342 7345 7344 4715
4728 4729 7222 7314 4730 4731 22442 7095 17006
4729 6342 7144 7212 7105 7203 4730 4731 5614
4720 4721 6250
4721 12364 7096
4722 21386
4723 20610 18654 18974 7005 20618 20617 20616 20615 20614 20613 20612 5260 20611 13967 15629 20609 20608 18656 8981 20621 20620 7059 20622 6917 20619 7008 15913 4735 6912 12327 18754 14838 5434 5237 6965 18755 14835 13028 9013 18880 5410 5090 16907 6931 14841 4753 6930 4755 14840 6934
4724 10196 18987
4725 4726
4726 24271 10210 10017
4740 7682 7640 21530 7674 5223 7764 26900 12836 5104 5302 15678 5800
3406 3407 3912
3405 3514 27272 27273 26674 26676 26675 27108
4739 7000 7001 23606 5103 7005 21426 6271 22238 6906 23561 6986 6988 19708 5338 7515 11191 5351 8341 5277 11194 22440 23014 23454 20626 20625 22566 20623 24060 24061 23494 10661 6957 6912 14821 6958 8354 23549 19249 5684 7028 5202 8393 23064 23021 6887 5315 6966 7616 7076 5256 25773 19290 23557 6939 6938 5203 4753 5402 7989 4756 6934 4758
3404 8453 7120 19323 11241 3494 4826 3914 6806 6809 6810 4302 3845 4825
3402 14818
3401 13095 14847 17137 17274 8411 23609 8005 14559 14835
3400 21344 21343 17100 26356 26367 26358 20921 26370 26351 10903 27069 3445 26352 26374 26354 26365 27068 3774 13424 3418 3714
4730 17231 4731
4731 13162 17231
4732 4746
4734 16624 16628 16627
4735 22911 18654 21421 21420 22914 22916 20618 20617 20616 20614 5260 20611 21425 22238 20609 20608 6986 12277 5536 5416 18656 15395 20621 20620 5277 21397 23453 23454 20625 6917 4739 10826 10825 6997 5426 15433 6912 23427 23428 4991 11043 22176 23024 23387 21407 23026 14838 23021 23022 23385 5434 14039 14835 7076 9013 18880 5333 23397 22463 22464 23396 4752 6931 6930 5205 4755 14840 4756 6934 14846 4758 23408 23409 5222 5103 5345 7005 7082 23368 23403 23082 13967 15629 13202 5217 5459 13201 5339 11666 13205 5471 7012 23377 22565 9154 22566 23413 23096 23372 23373 7008 5347 4898 6957 6838 5240 5243 6970 7028 23345 5082 23347 5237 6966 13028 5376 7036 5410 8005 5090 23355 5490 10844 23351 5402
3408 26570 26573 26572 26693 26574
4736 22317 5243 5287 22550 22551 22552 22553 22334 21405 22313 22335 22336 5259 5457 14358 5315 5217 5318 5294 5492 5076 5351 5297 5352 5451 5353 21398 22321 4737
4737 5264 5385 5265 5266 5301 5422 5260 22230 5259 13640 5394 5278 20627 5390 23170 5148 21402 5285 21488 5441 5167 23144 22178 22214 5281 5314 5315 4744 4745 5317 5318 5319 5297 5299 5212 5333 7237 5334 9251 22182 5203 5205 5326 4756 5207 4757 5208 5065 5340 7244 5341 5223 5224 5466 8335 5214 5336 5216 5339 5219 5230 5231 5199 5190 23138 5194 5225 5467 5360 5241 9205 22013 25888 25887 5084 25889 10316 23181 5237 6844 10672 5492 5493 5252 5494 5495 5375 5496 5376 5497 7674 5256 5257 22264 25895 25894 5409 25891 25890 25893 10849 22263 25892
4750 4751
3420 27465 27466 27467
3417 3651 3530 3574 3440 27214 3461 27215 26417 26491 3447 27213 27056 27057 3894 3631 3895 3698
4749 4750 4751
3413 5457 5318 4736
3412 23638 6894 26396 26990 26991 26698 26425 26989 14646 26736
3410 13210 3771 3561 3634 16802
4743 5333 22178 4744 4745 6912
4744 21402 20288 5243 5375 5376 7674 20627 22013 22178 22324 5490 8392 5260 22326 22181 5237 5259 5413 7513 4745 4757
4745 5471 21423 5384 5430 21101 21398 5376 5422 22176 20617 22178 20626 23599 5260 22414 5237 5438 4757 19879
4746 20214 20335 20213 20334 20212 20333 20211 20332 20210 20331 20330 20219 20218 20339 20217 20338 20216 20337 20215 20336 20225 20346 5394 20224 20345 5395 20223 20344 5033 20222 20343 20221 20342 7696 14222 20220 20341 20340 20229 20228 20349 5391 20227 20348 20226 20347 20313 20312 20311 20310 5287 4991 9888 9885 9886 20319 20318 20317 20316 20315 20314 6921 12259 4747 6926 20203 20324 20323 20322 8683 20321 20320 20209 20208 20329 9890 20207 20328 20206 20327 20205 20326 20204 20325 4757 8330 10609 13203 6948 13204 10973 5195 20302 5196 20301 20300 5077 7930 20309 20308 20307 20306 20305 5193 20304 20303 5621 5505 5400 10833 8002 8000 8001 8006 8007 5766 10840 5406 11015 10842 12467 10841 20299 8017 20298 7047 20297 20296 8016 20295 20294 6864 20293 20292 20291 20290 5419 8024 8025 8022 8023 8029 9910 5311 8026 8020 8021 10822 10821 10823 10827 6876 14863 8019 6998 14862 5307 14868 7066 8035 7065 8036 20279 8033 20278 8034 20277 6894 7983 8039 20276 6893 20275 7985 8037 20274 7984 8038 20031 20273 8031 8030 20272 20393 19848 20271 20392 20270 20391 5437 20390 7990 8046 8047 7992 8044 20289 7991 20288 7994 20287 7993 13199 20286 7996 8048 20285 7995 8049 20284 7073 8042 8040 8041 5203 7987 8714 20283 7986 20282 7989 20281 7988 20280 20258 20379 20257 20378 20256 20377 5220 8056 20255 20376 20254 20375 5222 20253 20374 20252 20373 20251 20372 8050 20259 7998 10330 15227 20250 20371 5215 5336 7997 20370 5216 7999 17525 5470 6560 20269 20268 20389 20267 20388 20266 20387 20265 20386 20264 20385 5476 20263 20384 20262 20383 9825 20261 20382 5226 20260 20381 5469 13178 20380 20236 20357 20235 20356 5483 20234 20355 5121 20233 20354 20232 20353 20231 20352 20230 20351 5246 20350 20239 20238 20359 20237 20358 20247 20368 5130 20246 20367 5252 20245 20366 20244 20365 20243 20364 20242 20363 20241 20362 20240 20361 20249 20248 20369 20360 15214 5129
3419 3626 4023 13444
4747 20299 8017 20298 7047 20297 8016 20295 20292 20291 5419 20225 5394 8025 20223 8023 20222 20221 8029 5391 8035 8036 5681 6894 7983 8039 6893 7985 8038 8031 8030 5437 6921 7990 8046 24803 24802 8044 24805 7991 8045 24804 7994 7993 13199 8048 8049 20208 7073 20207 20328 8043 20206 8040 20205 5203 7987 7986 7989 7988 20257 8055 20256 5220 8056 5222 8054 7998 5215 7997 5338 7999 6948 5195 5470 15593 20302 5196 20268 20301 20267 20300 20266 20265 20264 5476 5193 5226 20260 5505 20236 5483 20354 5246 5082 20237 8002 5130 5252 8000 8001 7279 8007 10281 8005 20361 23591 5766 10840 5406 10842 10841
3418 26357 27304 27305 27302 26358 26369 27303 27308 27306 27307 27300 3445 27301 26377 26365 27299 3774
4748 4749 4750 4751
4760 8029 8027 21409 23486 23585 23487 23587 23612 5480 18649 7986 14831 5316 6998 15433 20290 5417 14832
3431 26672 3432 3689 3766
3430 26672 26970 26971 3432 26980 3431 26975 27028 3766
3427 3428 5144 3682 3792 5156 6018 7800 3595 4126 4129 10358
3426 3428 3427 5080 5081
3423 3424 26465 3797 3800 3528
3422 3424 26430 3423 3588
3421 3424 3423 3422 3800 3528
4752 23517 6970 7028 7005 23388 22565 22566 13967 23391 23392 20818 23395 20817 5379 6986 7008 4753 4755 5426 5459 6912 6934 13424
4753 5382 18654 11186 20617 20615 22234 6949 22270 23043 6988 5217 5338 5218 18657 5419 5075 5471 5351 7012 22440 6917 10305 23093 23373 6953 6997 15433 6957 5505 6912 6958 6894 6893 6970 5202 7060 22178 5084 5294 7078 7991 5375 5376 5256 5333 5491 23073 5203 6898 6930 4755 5208 6934
4754 5799 4755 16738 5748
4755 21424 21423 21421 21420 5260 21425 12277 11985 20343 21432 5276 5277 5398 15792 19470 6917 6919 6918 15433 6912 5284 21401 5285 4991 19685 22176 23023 23386 23024 23387 22178 22299 23388 21407 23026 23389 21403 23380 23381 23382 23020 23383 23021 23384 23022 23385 6920 21412 23397 23398 23399 21415 23390 23391 23392 23393 23394 23395 23396 6931 6930 4756 6934 4758 18697 7005 23364 23365 22035 23366 23367 23368 23369 13208 23360 23361 22031 23362 22032 23363 13202 13203 13200 13201 13205 7012 23375 23376 23377 23015 23378 23016 23379 23139 23019 23370 23371 23372 23373 23374 7008 4898 6957 6838 6958 21963 6970 7028 23343 23344 23345 23346 23347 5083 23348 23349 11243 6966 6844 6965 13424 7036 5410 8005 23353 23354 23355 23356 23357 23358 23359 10844 23350 23351 10849 23352 6976 5406 5527 20610 23449 15383 18654 22912 22913 22915 22916 20618 23441 20617 23442 20616 23443 23444 20614 23445 20613 23325 23446 20612 23447 20611 23448 20609 20608 23440 6986 5413 5536 13883 5416 18656 18657 5419 15395 20621 20620 21399 7059 5552 21397 23452 20628 10826 10825 23450 20619 23451 6997 5426 5308 23427 23428 21488 23429 6893 8391 22573 23420 23421 23422 8031 8394 23423 23424 23425 23426 14838 14839 14836 22570 5434 18638 5677 14039 14831 5799 5316 14834 14835 14832 14833 23438 23439 5210 13198 18880 5333 23430 22463 23431 23432 23433 23434 23435 23436 23437 5203 14841 7986 14840 14846 23405 5460 23406 23407 5220 23408 8974 23409 5222 5102 5345 15220 7080 7082 23400 23401 23402 23403 22557 23404 13969 23082 13967 13968 5217 5459 5218 11666 22569 23416 5471 20268 22207 23417 23418 23419 5353 7774 23410 23411 22565 23412 9154 22566 23413 22567 23414 23415 23096 14829 5226 5347 13970 15913 12765 5240 19128 9046 23069 20238 5237 5130 14361 5376 5498 5490 11419 23076
4756 7000 21402 5681 21488 5220 7001 18655 5683 5684 5201 5202 5224 5345 5466 22178 23027 21404 5260 6906 23064 5237 5259 5336 17748 5338 5536 6888 22207 8341 5297 8320 5375 5376 5256 5333 8005 22440 22227 23073 5203 5467 6898 8319 14840 6957 4757
4757 5382 22316 23768 18653 22317 5243 6179 5345 5422 22176 22312 8392 5260 20336 22315 10833 22190 22191 22193 22194 5237 15620 5438 5076 5252 21432 8006 5376 7993 20628 22189 23432 20626 22324 22325 22326 25834 22181 24087 10849 22186 18628 6998 10842
4758 19249 5222 7028 22916 22176 23364 22573 7082 20616 23368 23666 23667 5260 10833 23480 5434 14039 13200 5416 5438 20620 23715 14287 5398 5410 5498 20285 8005 20629 20628 23431 23574 23477 20625 23456 9154 22566 23413 5490 6917 10844 14841 5226 5426 6998 6934 4759
4759 10080
4770 16774 16459 16776 27204
2111 15141 6872 15145 4178 9346 15144 9340 9341 2940 4687 9339 6868 4209 9598 9353 4340 9354 2165 4180 5948 2954 3129 10824 4213 6878 16402 2718 16401 14868 13534 5705 16009 9766 9888 21089 21088 21087 3019 2720 3016 3136 21086 21085 21084 4227 21083 2728 21082 21081 21080 19698 5053 9890 2855 10920 2215 3028 3027 8714 21097 4599 14688 21096 9801 21095 11057 21094 21093 21092 21091 2857 21090 21069 21068 21067 21066 21065 10609 20814 20813 13727 13168 13685 10972 17921 10973 9799 21079 8227 9833 21078 21077 4025 13571 21076 2760 3054 9825 21075 21074 21073 2916 21072 21071 21070 11711 12489 14870 14871 4156 8477 16013 3981 7302 13703 4307 20643 4716 2777 11099 2818 2939 12981 11015
3442 5680 7112 3443 4136 4677
2110 4063 2953 2116 17885 2563 8726 13137 2717
3441 3447 3487 16228 3698 3461 16967
3440 3459 27283 27284 6942 3441 3841 3461 26435 27083 24966
3439 3639 3489 3495
2107 4392 2323
3438 6808 3906 9778 3672 5873 6669 9779 3618
3437 3915 4880 8435 4760 3970 4884 5754 5847
3435 3717 3436 3691 3622 3640 13217 13218 13216
2103 4827 8223 2323 4466
3434 6560 6581 5010 25933 26395 25077 26342 3544 26530 16723 16722 16721 3996 16720 3943 5637 16748 16724
2101 2402
4764 4765
4766 11181 22517 22529 24509 11241 11297 11255 4767
4767 16153 5066 22529 16179 11252 26217 29068 29067 29066 23084 27133 27134 29069 29071 11297 29070 5536
4769 4770 16730 16774 16772 16441 16771 16718 16729 4785 16459 16745 16778 16777 16727 5637 14637 16715 16725 16757
4782 4783 23341 9175 7927
4784 7981 4811
2122 2210 2176
3453 3546 3952
2121 2126 2224 2223 2152 2184
3452 16481 26079 7547
2119 10969 14852 14853 14850 14851
2118 5030 9751 5020 9752 5022 6752 9754 25862 6917 4618 13637 2753 10815 4876 13633 2637
3449 3476
2117 11074 7503 3699 5713
3448 6570 7692 9166 4142 3682 4056 5464 5465 10680 15242 7281 8417
3447 16730 4046 3486 16729 26322 3465 3487 26321 26332 16228 3698 4769 16967
2115 8236 4864 6825
3446 3836
2114 2115
3444 26904 4564 4565 12872 4556
2112 5027 28606 28604 28605
3443 7552 7540 7521 7531 15045 7566 7525 17824 7205 7513 10692 4017 7516 7527 8206 7526
4775 4776 4777 4778 4779
4776 16473 16472 16471 16466 16465 16475 16474 26665 26666 26657 27079 16459 4777 16236 4778 4779
4777 4778 4779
4778 16473 16472 16471 16476 16464 16475 16474 16459 16236 16408 4779
4790 7122 7246 5365 7129 6250 7085
4791 7120 5494 7155 7268 16642 7105 6202 10928 7291 7095 22061 22062 12800
4792 12326
4793 6232 6132 5984 12344 12343 7969 7968 8076 6140
4795 4796 8659 12942 13009 13820
3463 14580
2131 34810 34809
3462 27102 27103 27104
2130 34811
3461 27049 26328 26327 26491 27044 27047 27048 26432 27045 26321 26431 27046 3773 3698
3460 16763 16750 26499 26435 27010 27285 27074 3601 27284 16766 16765 16764 5638
3459 23911 5010 16750 26985 3460 27096 27283 3601 27284 25077 26498 6942 5638
3458 3459 3460
3457 3459 3458 3460
2125 2190 2188 2210 2176 7901 2141 7911
4787 27197 27198 27199 27200
4789 4790 10938
2144 7963 7962 22574 22575 8185 9297 8062 2145 9209 6109 2957 5957
3475 25323 25325 27478 20967 3914 3827 6809 27476 27477 27475 4306 3999
2142 9884 4288 2144 5948 2777 2832 4949 2783 3036 5951 2916 2926 4515 5947
3473 26463 26474 26462 26464 3570 3667 26437
2141 2158 2157 2161
3472 3569 27201
2140 2182
3471 3472
3470 16472 3569 27201 3840 16468 26898 3472 16467 3471 26899 3977
2138 8651 4063 2750 17892
3468 4245 16622 16621
2136 10953 10952
3467 5020
2135 2136
3466 4053 26582 3554 3552 3551 3550
2134 2136 2135
3465 26335 26334 3814 26330 26333 26332 3773 3631 3651 3530 3574 26324 26323 26345 26326 26325 26328 26327 3729 26322 26344 26321 26343 16688
4796 8308 8309
4798 7428 11368
4799 10607
25507 25509 25508 25521 25516
25506 25507 25508
3486 16473 26519 26518 4770 16752 26515 26517 26516 16719 16718 16717 16756 16755 16314 16754 16753 16716 3679 16715 16759 4769 16714 16758 26391 16757 16443 16761 16441 16760 16729 16728 3488 26520 3487 16727 3965 16726 3966 16725 16730 16774 16772 16771 16739 3773 4785 16459 16778 16777 16732 16776 16731 16775 5637 14637 5638 16779 26509 16740 26384
26830 26845
3485 4770 16730 16443 16441 3486 16718 16728 3488 3487 3773 16727 3679 5637 14637 16715 16726 16759 3966 16725 16758 16757
26832 26906 26905 26908 26907 26909 26863 26851 26854 26864 26897 26911 26910 26870 26860 26871
3483 4123 16405
26831 26837 26842 26836
3482 5926 15043 24935 7695 5302 3786 16798 7815
25503 25504
26834 26835
3481 3748 3959 5941 5848
25502 25503 25504
3480 27216 24071 3969 24072 24073 26430 3588 3521 3520 3885 3800 3529 3528
25505 25507 25506 25508 25521 25516
26836 26837
25504 25507 25518 25506 25509 25508 25519 25505
2149 10139 2157 2167 2200 10140
14859 20997
2148 2190 6541 10152 10159
3479 3521 3520 3800 3480
3478 3479 3521 3520 3885 3800 3480 23601
3477 5030 12626 4178 27464 7954 3584 3644 4018 3823 13633
3476 3499 27013 26458 26733
14852 14853
14850 14852 14851
14851 14852 14853 14854
14857 14858
14855 14856
25518 25519 25523 25524
26849 26854 26867 26911 26946
26848 26849 26854 26911 26946
3497 10281
25510 25512 25511
2165 4230 6770 4474 17681 4475 16453 16452 3386 4191 3182 2229 2228 2601 13506 3215 2740 2640 4246 4148 4940 4248 2828 5118 16561 4184 5010 17214 4166 3050 2215 3566 4213 2939 17215 17216 2736
3495 3639 26663 26662
3494 6340 8453 3990 3696 14434 3994 26537 4504 26536
25511 25512
25514 25515
3492 26687 26576 26686 26722 26677 3580
25513 25520 25514 25515
2160 16630 3288 24577 2666 2588 3116 6501 4766 3755 2705 5671 2682 2635 3727 15916 15915 2279 2630 4217 4734 27171 5824 3845 27170 5884 3101 3142 3184 2646 3334 25640 8428 4240 11252 4245 2661 3079 3078 2261 2580 3074 8480 2613 2579 2578 2699 3949 2610 2654 3149 3468 16623 2618 27150 2615
3491 4131 4860 14043 4060 4859 14434 4841 6567 14402 14433 5614 8529 13216 14239
25516 25517
26847 26849 26848 26911 26944 26946
25515 25520
26846 26849 26848 26911 26944 26847
12209 12211 12210 12212
13539 13540
2158 2218 2601 4175 7320 4166 4167 10174 4348 4305 4349 2161
3489 26661 26662 3495
2157 2158 2167 2200 2161
3488 4770 26384 3773 16459 16778 16776 3679 3965 14637 3966 4769 26391
3487 16730 16443 16772 16441 16771 16719 16718 26384 3488 26321 16228 16459 16777 16727 3679 16715 16759 3966 4769 16967 5639 16779
12200 28141 12201 28140
14863 15214
13533 36217 36216 36215
12202 16010 14870 13122 15200 13124
14862 15041 21223 21189 24839 24850 24872 24894 24871 24893 24896 24851 24895 15083 24898 24897 24812 24856 24811 24899 24890 24870 24892 24891 14930 15049 21182 14999 19602 15131 15197 24869 24824 24849 24826 15112 24828 15198 24863 24887 24845 24867 24889 15091 24888 14863 21194 15114
14868 15180
14865 14866
12205 12206
13535 13536
14866 14867
26818 26915 26840
26817 26915 26859 26914 26818 26917 26916 26851 26873 26832 26854 26853 26856 26911 26913 26912 26872 26849 26848 26840 26821 26820 26822 26866 26869 26861 26860
26819 26821 26820
2176 4376 2188 2210 2980 4214 2924
2175 2919 2176
26812 26915 26818 26817 26878 26866 26877 26813 26879
26811 26917 26817 26951 26950 26953 27027 26952 26911 26955 26954 26913 26912 27021 27022 27020 27025 27026 27023 27024 26949 26940 27018 27019 26942 27016 26941 27017 26943 26945 27014 27015
14838 18697 19128 23429 21421 21420 20618 22176 20616 23069 21407 23026 23345 23346 23347 23369 23348 23403 21425 23426 14839 23082 23385 21412 23397 23354 23355 23377 23379 21415 23019 23370 23351 23396 14841 14840
14839 21423 14847 21409 20616 22178 14846 21415 22557
14836 14838 14839 21401 21412 14837 23069 15433 21407
14837 14838 14839 23082 20618 23023 23365 23443
2169 2247 2246
2168 34755 34753 34752 34751 34795 34760 34770 34781 2186 34779
3499 26896 26895 26458 26733
2167 2200
3498 7552 16481 7523 7589 7547 7526 13128
14830 15063
14831 14839 21411 21397 23495 21409 21407 23587 14835 14832 21415 22557
14834 14838 23373 23365 14840 23356 14835
14835 22911 21420 22914 23608 23609 20618 23365 20616 23366 23402 23403 23082 20608 18656 15395 20620 21432 22565 23610 23611 22567 23612 23613 23371 23373 23495 15433 21409 21407 23026 23345 23347 14838 14839 14836 23021 17275 23034 23036 23355 23432 23356 23435 23437 14847 23393 23470 23352 14841 14840 14846
14832 23638 23639 23364 21409 23464 23355 23421 23586 23587 23588 21415 23612 20336 23371 14841 15433
14833 23637 20616 23378 14838 14839 14836 14847 14837 14840 14834 14835 14846
26827 26828
26829 26830 26966
2188 2210
2187 34798 34797 34796
2186 34781 34780 34767 34766 34765 34764 34763 34762 34761 34760 34769 34768 34770 34756 34778 34755 34777 34776 34775 34752 34774 34773 34772 34771 34759 34758 34757 34779
26821 26854 26897
2185 9542 4298 10121 4533
26820 26821 26854 26897
2184 2190 4582 7894 7869
26823 26824
26822 26870 26871 26851 26832 26854
26825 26826
14847 23609 23034 23036
14848 14849
2179 2181
2178 5939 2237 10339 10381 7203 9009
14841 20610 18697 21420 20297 22916 23364 20616 23366 23403 20609 20608 15395 15593 20268 23417 23418 23698 23699 23370 23371 23374 23451 23702 23703 23704 23705 23706 23707 23708 23709 22176 23026 23345 23346 23425 23700 23701 23383 23353 22463 23355 23356 23477 23479 23710 23711 23437 23076 23351 23352
14842 14845 14843 14844
14840 18697 18654 21420 22916 20618 20617 23365 20616 23366 23403 21425 23082 20609 20608 18656 15395 20620 23377 20626 23378 22565 23379 22567 23370 23373 20619 21401 22176 23023 23024 23387 23026 23345 23346 23425 23349 23383 23021 18880 23353 22463 23354 23355 23356 23359 23437 23393 23351 23352 14841
13512 13539 13540
14843 14845 14844
14844 16202 16201 14845 16209
2191 2206
2190 4582 6541 7894 10152 2211 4589 7901 7904 10159
2199 2856 2941 3027 6973 14037 10487
2195 2196
2194 2196 2195
2193 2196 2195 2194
2192 2248 4880 10121
14817 14818 14819
14818 14819
2189 6475 11702 13329 9616 14014 5976 2749 7099 4181 6085 2514 13618 13615 6876 18308 18309 18507 2718 13611 13612 3060 9883 4074 18395 4155 18393 18470 2294 7260 4070 8074 2526 2601 2720 2288 4027 4305 13623 4084 4284 2262 2382 5170 6063 8161 2734 2533 2773 4995 12420 2736
26804 26805
26803 26805 26816 26804 26859 26817 26830 26832 26854 26812 26845 26878 26866 26877 26858 26879 26860
14827 32841 32842 32850 32840 26795
14828 34742
14825 21394 21393
14829 14838 14839 14836 14847 14837 14841 14831 14842 14840 14834 14845 14835 14846 14832 14843 14833 14844
14823 17414
14824 14825 21393
14821 17222 18993 17223 18593 18991 18992 16080 23188 22076 18716 14822 18989
14822 17222 17223 18593 22076 16080
14807 14809 14808
14808 14809
14800 14825 14801 14824
13480 36232
12150 27656 27657
12151 12450
25466 25468 25467 25469 25471 25470 34830 25472 34829 34817 34828 34827 34826 34825
36122 36123
24136 24137
25468 25471 25470 25472 25469
36121 36122
25467 25471 25470 25472 25468 25469
36120 36123 36122 36121
25469 25471 25470 25472
36129 36130
36128 36129 36130
36127 36129 36128 36130
24131 24132 24133
25461 25462
24132 24133
24133 24135
25463 25464
36124 36125
12155 12409 12885
13489 13510
12158 12160 12159
13486 27494 24450 36212 36211 36210 20921 36209
13487 36219 36218
12159 12160
13492 13562 36214 36213
13495 13565 13559
13496 13637
12164 13784 13745 13822 21108
25477 25479 25478
25476 25477 25479 25478
24147 24148 24149
24148 24149
25478 25479
36119 36123 36122 36121 36120
25471 28444 25472 28445
36118 36119 36123 36122 36121 36120
25470 25471 25472
25473 25474
36116 36117
25472 34822 34821 34820 34817 34824 34823
36115 36117 36116
24143 24144 24145
24144 24145
12167 30605 22587
12169 18355 18356 18554 15489 15488
12130 13954
13462 13558 13557
13463 13464 13465
12131 12383
25444 25445
24113 24114 24115
36100 36103 36102 36101
24114 24141 24115
25446 25447
24115 24141
25448 25449
24119 24120 24121 24128
36104 36105
24111 24112
25441 25442 25443
12134 12135
12133 12373 29537
14798 14801 14823 14799 14821 14800 14822
12136 30684 30685 30607 30727 30726 12665
13464 13465
12137 12138
13468 28909 13469 14228
14799 14801 14800
13474 22327 24079 13475
25455 25456
25457 25458
25459 25460
26789 26790
25451 25452
24120 24121
25450 25451
25453 25454
12145 12146
13477 13637
13475 22327
13476 13510 13489
12148 12700 12401 12412
12110 30817 30839 30838 30818 30840 12675 15666 30628 30842 12899 30841 22484 22221 22544 30835 30834 30837 30759 30836 30831 30654 30830 13633 30833 30832
25421 25422
25423 25424
25426 25427
26757 26761
25425 25426
25428 25429
12119 12542 30779 30776 30855 30854
12114 12116
12116 12291 13915 30908 12988 22052 30814 30568
13448 13449
12115 12538 12604 12708 15696 12575 30845
13447 13448 13449
24109 24110
12121 12122
12120 12121 12122
25433 25434
26764 26765
24102 24141 24113 24114 24115
25432 25433 25434
24103 36682 36683 36684 36685
25435 25436
24105 24106 24107
25437 25438
24106 24107
25439 25440
24108 24109 24110
25431 25433 25432 25434
25430 25431 25433 25432 25434
26761 35587 35586 26788
12122 17861 12701
14787 14788
12125 12126
12124 12131 12865 12866
13459 13562 13536 13535
12129 12138 12137
12128 12384 12134 12135
25408 25409
14750 15174 15173 17707 15941
25400 25401
25402 25404 25403 25405
26732 29826 29825
25404 25405
25403 25404 25405
26734 26735
25406 25407
26737 27072
13429 13430
13422 19731 19764 19733 19765 19750 34495 34494 34493 34490 34489 19717 19727 13431 19719 13427 19712
13423 18226 29323 18645 18646 13424 13425
13420 13422 13421 13432 13427
14751 14752
13421 19764 19700 19711 19710 19765 19750 34491 34490 34489 19809 19808 13422 19728 19739 19716 19727 13431 19719 13427 19712 19715 19726 19725
14752 17430 17429
13426 13427
13427 19731 19764 19711 19733 19765 15069 19750 34495 34494 34493 34496 19717 19728 19727 13431 19719 13432 19812 19712 19715 19714
13424 20830 14193 14594 20816 20832 20831 20829 20828 13569 18711 18712 17921 13425 20827 20826 20825 20824 20823 20822 20821 20820 16729 20819 20818 20817 13970 13432
13425 23949
25419 25420
25410 25411
25413 25414
25412 25413 25414
26743 35623 35622 35621
25415 25416
25417 25418
12109 30607 12136 12665
12108 15843
12103 12104
13431 19700 19750
12102 27052 15531 22077 12124 12865 12866 27051
13432 17893 14594 16496 20816 20915 26136 29504 23105 20821 29473 29466 14620 16518 19758
12104 12738
12106 22392 12608
36191 36192
36199 36200
36181 36184 36183 36182
36189 36190
36188 36190 36189
36187 36190 36189 36188
36186 36190 36189 36188 36187
36185 36190 36189 36188 36187 36186
36183 36184
36182 36184 36183
24195 29269 29268 29267
24190 24191
36178 36180 36179
36177 36180 36179 36178
36176 36179 36178 36177
36174 36175
36173 36175 36174
36172 36175 36174 36173
36179 36180
12192 17153 17483
12191 12192
12194 17170
12195 31032 31031 31034 31033
12197 16641 12198 22761 22762 22763 22764
24178 24179
36163 36170 36169 36168 36167 36166 36165 36164 36171
36162 36163
4805 8553
4808 4937 4938
4809 4815 4837 4838 7175 4817 8602 13981 10721 10214
24176 24177
12199 18407 18406
4800 5074 10165 8514 16797 20878 20920
4802 4804 4805 4806 4803
36150 36159 36158 36157 36156 36155 36154 36153 36152 36151 36161 36160
4815 6991 19589 23103 11569 4828 14836 8737 8602 11981 10212 11279 4847 13645
24182 29197 24296 24339 29271
4817 24183 4850 11592 8602 10487 7927 4836
24186 29266 25869 29265 29264 29263 29262 29261
4810 7275 4839
4811 4815 4827 7981 6357 19517
4812 4828 4833 11997
4813 11353 4814
4814 19356 19358 6225 7140 10214
12171 29350
12176 30580
25488 25491 34745 25490 34744 34743 25489 34746
24157 24158
25487 25491 25490 25488 25489
24158 29306 29305
24159 24167 24222 29208 27503 29207 29206
25489 25491 25490
4826 15383 19323 8220 23968 8236 9121 6700 18638 8228 13724 18976 4847
25480 25932 25933
4827 19323 7386 19320 19266 9581 18759 4842 4864 8746 10015 4847 11985 15921 19214 8223 9079 6565 19491 9594 18748 12325 18746 19517 19638
4828 7165 8221 9079 8213 5158 8236 19590 8230 8241 14716 19709 14555 4864 5678 16831 4833 4844 5614
24150 29295 29294 29293
25482 25483
4829 4830
24151 29299 29298 29297 24173 29296 29300
24152 24260 24153 24242 24167 24159 24336
36149 36150
24153 24318 24309 24167 24336
24154 24155 24156
24155 24156
25485 25486
12178 13098 12415 15813
4820 16044 5133 7635 16635 11055 9341 14868 20811 15180 16549 10951
4821 11045
4822 20482 4823
4823 9488 20482
4824 11668 11488
4825 4826 4827 19323 8220 8236 6700
12180 30552 30551 12867 30550 12509 12432 12542 30779 30776 30778 30777
12183 12184
12182 12183 12184
12184 12350
12186 12187
24167 24300 24305 24306
25499 25500
36134 36135
36131 36132
3505 3638
4837 6991 24199 8602 10721
4838 7175 9997 12363 24235 24445 19581 24216 10733 13979 29164 24452 13972 14005 8602 13981 10210 13971 4844 29163 10212 10214
24160 24161
25490 25491
4839 7275 7353 5148
25493 25499 25500
3502 3503
25492 25493
3501 3503 3502
25495 25496
3500 3503 3502 3501
24164 29303 29302 24165 24221 24222 24311 24312 29304 24317
25494 25495 25496
24165 24221 24311 24312 24317
25497 25498
36135 36145 36144 36143 36142 36141 36140 36139 36138 36137 36136 36147 36146
12189 12190
12188 12189 12190
4832 18982 28451 28452
3508 12427 5641 26322 26321 26323 12771 5638
4835 7340 7970 6960 7215 7325 9511 7203 7324 9164 4837 5916 7219 8943 9009 7328 4836
3506 3507
4836 4837 4838 21433 5698 23113 10214
3516 3596 26568 26567
3514 3671 26676 26675 26678 26677 26426 26679 26680 26672 26671 26575 26674 26673 3766 3811 3802
3513 7167 4692 8364 3791 5287 5331 3792 5465 5466 6840 7742 7281 5172 10506 5148 5500 5149 5779
3512 10858 3768
3511 26706 26705 26704
4840 24628 7635 4841 24632
4841 7363 9539 14402 12325 18746
4842 7363 19203 19202 19205 19249 7386 9563 18930 19187 19201 19300 19186 9580 9539 8746 10015 6846 19349 4847 18758 9553 8223 18743 19234 18748 8737 18925 12325 18746 18768 18922
4843 7440 7047
4844 7165 8215 8224 8236 8065
3519 3549
3518 5870 5299 7784 5774 10371 4490 5916 5917 5939 3535 5148 10351 7615 9009 5779 10367
4846 8771 12294 11032 11592 5698 7503 13972 8602 13971 12347
4847 18752 7386 9563 18930 19187 19289 19266 9539 18759 8746 10015 19207 4868 10798 19209 9553 19214 18940 18743 19210 19211 9594 11715 18748 8737 14402 12325 18920 18746 18768 12326 18747
4860 14145 6026 14341 7205 14147 5614
3530 3760 3531 3542 3541 3574 3894 3631 3895 26345
4859 4860
14904 14915 14914
3526 3527
14905 15013 15012
3525 3673 26873 3868
14902 21236 20805
3524 26672 3671 3693 3766
14903 14907
3523 21105 3791 3963
3522 26529 3690 26526 26528 26527
14909 14941 15071 14942
3521 3885 3800 23601
3520 3521 3800
14907 14908 34882
4851 11592 4852 13975
4852 7890 24150 9910 24454 24453 13178 10212
4853 9012 13929 7633 4854 4855 13930 4858 13931
4854 13925 13934 13929 4855 13930 4858 13931
4855 13926 10758 13923 5698 13147 4858
4856 4857 4858
14901 15024
3529 3588 3587 27216
4857 4858
3528 26430 3588 3587 3800 3529
4858 9012 13925 13926 10758 13923 13934 13924 13929 13927 13928 5698 13147 13146 13921 13932 13922 13933 13930 13931
4872 8253 8254 8258 4873 4874 8251
3541 3542 17298 3712
3536 3835
3535 10504 7743 7203 4532 9009 24764 7308 24765 10413 10556 10357
4863 9079 9486 15925 5695 7720 16782 4864 7837 12348 12349
4864 7165 9620 9486 23848 13165 18593 5960 8236 11526 15925 15920 7513 19408 11564 12259 19746 15923 15921 19527 19777 9079 15036 5695 16782 8241 7505 7527 5965 7627 19778 6815
4865 4866
4866 14152 9304 14144 14369 14432 28813
4867 30178 30177 30179
4868 12659 18743 12660 11496 4869
3539 26423 26455
4880 5187 4893 4894 32764 32765 32762 32763 32760 32761 4884 32803 4888 32768 32801 32769 32802 6508 32766 32767 32800 23339 5155 5397 5157 5311 5158 23332 32790 23333 23334 23335 23336 23337 23338 23290 32797 32798 9908 32795 32796 17938 32793 32794 32791 32792 32759 32799 6453 6973 22376 7140 32786 32787 10912 32784 32785 10914 32782 10913 32783 32780 10915 32781 5478 5678 7737 32788 11688 32789 4881 16387 4883 13909 23311 10919 25731 32775 32776 32773 32774 32771 32772 32770 10121 5766 9648 32779 5967 32777 7629 32778
4882 6400 12556
4883 11615 5687 4885 5688 4886 5689 4887 10991 15228
3552 4053 26582 27020 3554 26811
3551 27220 26709 3554 3552
3550 3552 3551
2218 9124 9122 4197 9123 4154 4297 4191 20755 4193 20897 2228 2601 26175 2886 3215 26177 26176 26178 4247 10175 4248 4349 2606 4183 4241 4166 4167 7974 3075 2773 4238 2736
3549 3836 3838 3839 22529 5794 16437 4236 3643 6812 4766 3755
2217 4241 7875 28073 5935 28072
3548 3872 3581 3942
2216 4197 20849 4092 4191 4182 2217 3215 4226 2828 4249 16309 3899 16911
3547 3548 3849 4049
2215 16198 7442 4175 4296 4297 4298 8656 4299 16192 16635 3994 3635 16879 16880 4184 4185 4187 16642 16884 16641 16883 16640 16882 16881 4180 4182 16646 16888 16645 16887 16402 16644 16886 16401 16643 16885 16649 16648 16647 16889 4194 7462 4197 2692 4191 4193 3899 16616 2217 2216 7227 3669 8453 7123 16394 5187 16950 6391 4092 2229 16959 16954 4401 16953 16952 16951 10972 16958 16957 16956 10973 16955 8463 16961 16960 5630 4300 2234 9548 16962 11711 14074 4791 4310 4311 3342 16939 16938 16937 3215 3214 16932 16931 16930 16936 4306 16935 16934 16933 5891 9337 11130 16707 16949 10966 16948 3909 16943 4313 16942 2818 2939 4314 16941 4315 16940 16947 16946 4318 16945 16944 6198 7963 3240 8494 9341 16918 16917 16916 16915 3237 16919 4686 16910 2828 16914 16913 16912 16911 16242 4580 7299 16929 2954 16928 16927 16926 3004 16921 16920 4216 16925 16924 16923 16922 9124 4230 3386 7181 9121 2601 4226 2606 2856 10921 16907 10920 16906 3827 16905 16904 2610 3148 16909 16908 4235 4238 16903 16902 16901 2736 16900 4010 16312 16311 16310 3046 7081 12878 4249 10210 16313 16319 4025 3174 3050 10905 4378 16891 16890 4152 4154 8754 16653 16895 16652 16894 4156 16651 16893 7302 8753 16650 16892 3068 3185 3184 16657 16899 4148 16656 16898 16897 5118 16896 16659 16660 4165 16664 4166 16663 7556 16662 16661 3073 2776 2652 16666 16665 16309 16306 16669
3546 3567 27498 27210 27496 27497 3952 27208
2214 2217 2216 2215
2213 4185 4186 5178 7113 4156 11384 5675 7357 2217 2216 2215 2214 3215 2554 11353 13169 6406 2957
3544 25077 26342 26530 5637
2211 4590 4582 3215 4583 10161 4584 7888 24674 24673 4589
4873 4874
4874 8253 8251
4876 18890 16498 30145 30144 30147 10438 30146 30141 30140 30143 30142 30149 30148 5836 9937 30129 30128 5354 30150 24126 30134 30156 30133 30155 30136 30135 30157 30130 30152 30151 30132 30154 30131 30153 30138 30137 30139
4878 15175 15173 22419 14750 7863 22420 22421 22422 22423 6063 22424 22425 11812 11813 15819
4879 21765 8929 6176 22584 22585
4890 7103 12253 28987 9504 17904 18723
4891 9101 12195 8521
4893 4894
3563 3596 3982
3561 3640
3560 3561
2229 16792 4173 16373 16791 4152 4197 4154 16795 16794 16793 3342 4191 3182 2601 3215 3214 4148 4203 4249 4305 3899 4183 16561 4184 4221 4167 9291 3050 4182 10965 10964 2776 2773 4213 2939 2736
2228 16198 4173 16197 4175 4252 4298 4092 4170 2229 2746 2940 4169 4323 10175 16478 4800 16515 4183 5074 4184 11393 3050 2955 2635 16527 4152 4197 4154 4232 4156 2770 4191 16490 4193 2601 2886 3215 3214 2640 4147 4224 4148 4226 4303 4304 4305 3899 4307 4241 4166 4167 2773 4313 2939 4318 2736
2226 2227 34803
2225 2227 2226
2223 2224
2222 5074 2601 4185 4175 4252 4154 4166
3553 27506 27504 27505
4884 22376 23027 22379 10912 10914 10913 10915 5478 4888 11688 23339 13093 5311 16387 16386 23332 23333 10919 23334 23335 23336 23337 23338 23290 17938 5766 5208
4885 8495 22604 22539 7401 7170 7390 22377 9164 22379 7502 4886 4887
4886 22156 4887 8691 8692 8690 11127
4887 4896 9328 22156 11127
4888 13155 13909
3574 3894 3631 3895 16688
3572 16443 16761 26535 26534 16715 3966 16725 26391
3571 7362 3849 4049 23102
3570 26463 26462 26464 3667 3668
3569 27201
3568 20937 20936 20935 20932 20954 20931 20953 3569 27201 20938 3950 3742 3951 3952
3567 27205 27206 27209 27207 27208 3569 3568 27201 27210 3950 3951 3952
3566 4768
2234 4194 4195 4230 4154 4156 4092 4170 16192 16191 4309 2601 3215 25484 3016 4169 4323 4305 4349 2606 4308 4161 4185 20366 4241 4166 6763 2480 26165 2773 2939 4216 13256 2736
3565 7145 3680 6894 5202 4606 6906 3597 5217 5338 18656 4405 18657 18658 18659 5294 4063 5075 5471 5253 5375 5376 18660 5256 5333 10305 4739 3728 3568 5203 6898 6931 4753 6897 6930 3742 4756 6957 4736
4895 27341 22157
4896 5750 7778 9281 9328 8977
4897 7786
4898 5075 5384 5277 7432 6995 7060 22215 22216 5203 7459 5237 4899
4899 13313
2254 9386 7401 20937 20936 20935 20934 20933 20932 20931 15621 11981 20940 9239 12000 20948 20947 20946 20945 9274 20944 20943 20942 20941 3208 3568 9909 20939 20938 4413 11598 20951 18598 20950 20959 20639 20958 18272 20957 20956 3020 20955 20954 20953 20952 20949 20004 20961 20960 2260 2259 2258 2257 2256 2255 10441 5804
3585 3726
2253 5382 7321 24134 9183 24135 24136 24137 24138 24139 6908 24130 24131 24132 24133 12397 4723 3635 14580 21432 21431 5277 6917 4618 24140 24141 15433 6912 21401 23706 13584 13582 23023 24112 24113 23025 24114 24115 2690 24116 24117 24118 24119 24110 24111 13346 14798 6926 21413 3310 24123 24124 24125 24126 24127 24128 24008 24129 10524 24120 24121 24122 6930 4755 6934 3680 4531 23125 2900 3311 15621 5614 7913 24109 7136 4421 24101 24102 24103 24104 24105 24106 24107 24108 3208 24100 9203 2254 3463 20639 19086 22372 4549 6860 3354 5091 23599 2260 9330 2258 2257 2256 2255 7701 6993 5300 9225 22916 11108 24093 24094 24095 24096 24097 24098 24099 3597 20608 6986 18656 24090 24091 24092 9476 13095 20621 15399 9239 20185 3497 9909 23451 5302 11113 13773 2837 11598 13897 20950 20958 3263 20956 23787 20952 14835 3933 18880 4124 22100 22342 22101 23432 22106 23791 23792 24089 9386 19143 7401 20935 9142 3161 20931 6307 20940 9276 20948 20947 20946 20945 20944 20943 20942 20941 3604 3968 2753 20939 5347 14823 19834 2637 16328 22538 22099 5117 22541 5490 5248 3742 3743 10441 5804
3584 3644 4018 3823
2252 20940 5300 7401 2254 2253 20958 24124 20957 20944 29509 20943 20942 20941 20952 30113 2257 20939 20949 11113 11598 5804 24092
3583 3947 3584
2251 20951 20950 9386 7401 2254 2253 20639 20958 2252 20957 20952 20949 36664 15621 20940 9239 24124 20943 20942 3208 2257 2256 20939 2255 5804
3582 3584 3583
2250 20950 5300 7401 2254 2253 20639 20958 2252 20957 2251 20956 20952 20949 36664 24092 20940 20947 24124 20946 20943 20942 3208 9909 30113 2257 20939 11113 10441 11598 5804
3581 15926 4013 3872 3942
3580 26717 26716 26570 26584 26572 26709 26575 26576 26724 26723
2248 10121
3578 3709
2246 2247
3577 3578
3575 3576
2265 4131 2266 14434 11531 13113
3596 26892 26891 26893 3982
2264 14371 4131 7001 14370 4970 6357 15100 2792 5817 2266 4884 14215 2706 5614 6562 5674 6687 4223 5675 14181 14149 14301 13215 11083 12330 6654 2690 14553 6327 14554 4868 4869 14361 4880 13111 14123 14362 6026 14121 15099 2265 3354 3231 29495 10803 11496 14886 11531 12268 14124 3308
2263 21105 7123 14013 2276 2550 3243 2592 2272 20812 2668 2269 2663 2662 4247 10175 2706 10972 4183 4185 3133 3174 2679 2599 3127 2598 2631 2278 3124 3645 3209 16012 2573 2572 3144 3342 26735 26734 4193 2603 2566 2643 2642 2686 2640 2609 2608 2606 8447 9533 2581 3031 3030 10920 3228 2611 2577 2619
2262 7099 8970 4075 6044 6324 6323 8071 7260 6096 2526 2910 10879 2753 3742 6515 3743 5976 2948
3593 26591 26593 26818 26592 26809 27315 26576 27316 27317
2261 7681 3949 2279 3335 2630 3334 26388 26742
2260 7401 9182 20937 20936 20935 20934 3020 20955 20932 20954 20931 20953 3933 20960 7136 9239 20948 24123 22342 20945 7171 22468 3568 20938 7701 5800 11598 5804
3591 26450 26432 26431
2259 24058 6517 2260
2258 2259 20948 20936 20935 5091 20934 3020 20955 2260 20931
2257 22536 22537 9182 9183 30194 22422 2260 7171 22468 11812 12318 2259 2258 20949 4489
3588 26430 8557 26487 27216 3800
2256 8871 9386 4531 7401 13582 20937 20936 20935 22398 20934 20955 20931 13346 5536 17985 3933 4549 20960 9239 7654 20945 9274 24105 2260 7171 9330 24106 20942 24107 2259 9909 2258 2257 7701 5943 11598
3587 3588 3800
2255 9386 2258 34026 2256 24099 7401 5091 24776 20942
26958 26959 26960
2276 8530 8435 5860 2694 2592 2591 2568 3437 3039 3237 2642 2585 2640 3212 4620 5754 4601 2706 3999 5858 5859 3970 4740 2584 3211 3475 3133 3210 3032 2580 2611 2577 3127 2675 2697 3049 2696 3169 4610
26951 26953 26952
2275 7165 22375 23365 2472 2492 2502 24194 2489 2488 2487 9958 5678 8602 13981 11981 4844 13724 2528 9959 10017 4825 8222 10719 2483 24246 24368 24367 2480 4837 4838 2733 4817 2477 2277 13972 14005 13971 7947 10721 18768
26950 26951 26953 26952
2273 4606 5471 3127 3310 3161
26952 26953
2272 3684 2573 3145 2572 2592 3383 3318 2668 2588 2642 3115 3114 3157 2709 2629 7639 3933 5792 3171 3109 2710 3205 3227 2577 3226 2278 2630 3323 3688 5803 5804
25624 25625
2271 4113 5565 24355 2275 24354 2494 24357 24356 24359 24358 24351 24350 24353 24352 5698 8602 4846 6465 4420 11592 10719 24348 2480 24349 24360 2555 24362 24361 24364 24363 14666 7947 11215
2270 6991 13980 2275 2494 2493 2492 2504 4826 10018 2489 24174 2487 24199 4588 4842 8602 10015 13724 4846 10017 8224 4102 2483 24445 2482 2480 4837 4838 2733 4718 2477 2730 2498 24462 12002 13972 9925 13971 11994
26957 26959 26958 26960
26956 26959 26958 26957
12318 13194 16450 12691 17232 27634 27635 22422 27638 27636 22117 27637 13812 13766
13649 13650
2269 24616 3970 2660 23112 22398 3195 22599 3318 2569 3108 3727 3959 3127 2642 2685 2640 3135 7701 5634 3777 3319 3956
2268 5384 5682 18655 3121 2690 3161 21426 6906 3217 3216 4741 13202 19708 5338 5679 4605 5075 7076 23517 8045 5353 5431 5333 5432 3310 3354 23677 4618 4739 2632 3127 3565 4752 5424 3742 2619 4755 5426 6957 6912 2637 4737 6958
3599 7750 12636 4131 4056
2267 5340 3680 5220 23606 5222 5224 5345 8335 7082 21429 22313 3161 21426 5260 22557 4606 6906 6949 2268 5259 5336 5217 2948 5218 2947 4405 5075 8025 5472 5231 21430 4189 3968 3728 10826 6953 5424 6957 4735 5505 11631 4736 2637 4737 5284 21488 5286 5484 5243 5287 21406 3218 3217 3216 5237 5677 5315 15444 5317 4746 5318 5294 5295 5252 21411 5297 5451 5254 5452 5255 5299 5497 5256 5333 5410 22180 3026 5203 3742 5205 4755 4756
3598 3748 4084 5792 12905 6359 5725
3597 5382 3680 14551 4991 6970 5202 20617 22178 23965 14838 6986 5217 5338 5614 4605 5419 5471 5375 7774 5277 5410 4618 23073 10849 4753 7986 3742 3743 4755 6957 4735 5406
13643 13644
14974 15010 34888 34887 34886 34885 34891 34890 15009 34889
13640 25804 25803 25869 25805 25883 25864 25863 25802 25868 25801 25867 25341 25880 30307 30306 30309 30308 30303 30305 30304 25875 25879 30310 30311 25792 25791 25870 14327
14971 15035 15034 14972
13641 13642
14972 15035 15034
12314 12315
14977 15198 24860 14978
12313 12314 12315
13647 13648
14978 15198 24860
12316 18459
14975 15198 24860 21160 14977 24843 14978 14976 24811
14976 15198 24860 14977 14978
25638 25639
2287 2388 5118 30335
25631 25633 25632
25633 29131 29140
2284 2306 2300 2299 2285
25632 25633
26963 26964
2283 2306 2300 2299 2285 2284
25635 25636
2282 2303
25634 25635 25636
2281 2380
24305 24306
12329 16374 16378 16983 14057 17060 17061 17074 17085 17092 16979 13578 16978 17107
13659 13664
2279 7681 16175 17085 2635 3727 27187 2578 2610 3335 3533 2630 3334 26388 27188 8428 27090 5644 5666 5667 16622 16621
2278 3102 3209 8519
2277 6554 11592 10719 2482 19581 4838 2733 4817 24183 2477 4809 2278 7899 6886 10721
12321 24716 12323 12322
13653 13654
14985 24890 24812
12323 16451 15951
12322 12323
14983 14984
12325 19214 19269 19205 18743 19188 14431 19187 19266 19186 13929 14379 18748 18759 14402 13981 13724 12327 18746 18768 12326 13931
14988 24890 24861 24812
13658 20169 13659 20168 13664 13665 20170 13666
12327 14173 16907 14240 18754 14431 14421 18755
12326 18920 12327
13656 24465 24466
14987 22407 24451
2290 2438 2305 33444 33442 2411 33443 2410 33441 2292 2291
26937 26939 26938
26936 27289 27290
26938 26939
2298 2364 2363 2362 2360 2316 2315 2314 2401 2322 2321 5963 5964 2308
2296 9621 9589 2430 10937 9538 2429 9619 9630 5394 9551 7177 9558 9635 9590 9550 2436 9504 9549 9629 14821 18988 18989 18993 9521 9565 18994 18995 18996 18990 9522 18991 4476 9523 9600 18992 18719 9517 9518 9516 9637 18997 9530 9574 3870 9534 9578 2383 2730 4477 9604
25600 25605 25602 25601 25603
2295 2326 2303 2314 2313 2298 2320 2360 2308
26930 26931
2294 18930 9546 2430 2944 2348 2303 3036 18931 18932 2429 4847 9553 4461 9552 18743 2320 3050 2558 2359 2711 4455 8737 7009 7387 9563 4476 8753 2296 2295 4827 2326 2323 6248 6647 2729 8746 6846 6664 2383 2382 6063 4718 2412 18928 2378 3027 18929 18927
25602 25605 26623 25604 25603
25601 25602 25603
2292 2305 2403 2411 2410 33441
2291 2438 2305 2403 33441 2292
25603 25605 26623 25604
13628 36269 36268 36267 33628
14959 14960 32727
13629 29444
14957 14959 14958 14960
13627 34567
14958 14959 14960
2288 4371 4076 10094 4651 6950 2430 2296 2295 2790 2294 4507 6928 2789 6927 2326 2303 2787 3139 2323 4643 5977 2429 4062 4063 7079 6982 7457 6983 2382 2498 6436 6978 5969
14951 23009 23010 14952 23008
14950 14951 14952
13625 13626
13622 18292
14953 14954
25616 25622
26947 26948
25618 25619
26940 27018 26943
25611 25612
26941 26942
12307 29012 15297 17170 17615
13639 34136
13637 19887 19831 28745 28765 28758 28781 33950 15705 33951 18818 28763 28753 28784 33949 33947 33948 18887 33945 33946 33944
13638 19274
14969 15076 15124 14991 15123
2299 2306 2324 2300 2310 2340 2309
13631 18245 20520 25020 25022 25021
14963 15103
12301 12308
12300 12317
13630 19405 19404 19407 19406
12303 17893 17894 12304
13635 19962 19995 19950 20179 20178 20067 20177 20176 20175 19992 20174 19827 20173 19826 20172 20171 20182 20181 20180 19833 19824 19978
14966 15097
13633 30817 30816 30819 30818 15728 23240 30813 30812 30815 30814 30820 30753 30811 30822 30810 30821
13634 14590 19039 36350 36340 36351 36341 36352 36342 36353 36343 36354 36344 36355 36345 36346 36336 36347 36337 36348 36338 36349 14601 36339
14965 14966
26911 26948 26914 26947 26917 26916 26949 26940 26951 26950 26942 26953 26941 26952 26944 26955 26943 26954 26913 26946 26912 26945
26912 26936 27289 26913 27290
13607 13616
14930 24890 24894
13601 13602
14948 14949
14940 14953 14954
14941 14942
13613 18435 18292 13622
13611 13615
14942 15068 15067 15018
14943 14951 14952 14950
14913 14919 15023
14914 14915
14919 15089
14917 34932 34884 14996 15059 15060 15082 34933
26909 26910
26902 26903
26901 26903 26902
14926 14927 14928
14927 14928
14925 24890 15198 24860 24812
14923 23605 22496
12271 12272
12270 12274
12273 12896 30755
12275 25266
12274 30721 12896
25587 25605 25600 26623 25602 25604 25603
36244 36246 36245
25586 25605 25587 25600 25602 25601 25603
24257 24258
25589 25590 25592 25591
25588 25590 25592 25591 25589
36249 36251 36250
24251 24252 24253
25583 25584
36248 36249 36250
24252 24253
25582 25583 25584
36247 36249 36248 36251 36250
25585 25605 25587 25586 25600 25602 25601 25604 25603
36245 36246
12277 15531 14039 12278 15532
12281 12290 12283
12284 22140 22139
12286 12287
25598 34440 25599
36233 36235 36234
25597 25598 25599
24268 29286 29285 29284
36230 36231
25590 25592 25591
25591 25592
25594 25596 25595
24263 24264
25593 25712
25595 25596 25620 25621
36234 36235
12287 13580 13579
13583 22547 15629 15476 21397 23131 22014 19987
12250 17582 17029
13584 23724 23725 23606 23727 20617 23387 21506 23402 20238 23723 13585 14835 14833 21413 23637 21432 17275 23034 23036 23432 23610 23458 23976 23372 15433
25565 25566
36222 36225 36224 36223
36221 36225 36224 36223 36222
26898 26899
26897 26937 26914 26936 26939 26938 26919 26918 26931 26930 26933 26932 26935 26912 26934 27289 26926 26925 26906 26928 26905 26927 26929 26920 26922 26921 26924 26923 27290
36229 36231 36230
36227 36228
25561 25562
26892 26893
36226 36228 36227
24230 24719 24231 24232 24720 24721
25560 25561 25562
26891 26892 26893
24231 24232
36224 36225
36223 36225 36224
12255 13140 22252 13139
12254 22252 12255
13585 29077 23073 29076 19290 29075
12256 15921
13586 13587
12259 15921
13590 13637
13595 13596
12264 22152
12263 21401 17748 21426 18659
13593 13594
25576 25577
36211 36212
36210 36211
24247 24248
36218 36219
36216 36217
25572 25574 25573
36215 36217 36216
25571 25572 25574 25573
36213 36214
25573 25574
12266 12267
12265 12266 12267
13599 18542 13600
24219 24243 24226
14892 34924 34923 34922
13562 36214 36213
14893 15065 15064 15003 15002 15066 34919 34907 34906 14894 34905 15004 34904 34903 34902 34901 34900 34909 34908 34899 34910 34898 34897 34896 34895 34894 34893 34892 34918 34917 34916 34915 34914 34913 34912 34911
13560 28817 13561 28815 28816
24211 24212
26874 26875
25542 25543
24214 29314 29313 29312 29316 29315
25544 25545
26878 26879
25546 25547
26877 26878 26879
24218 24219 24243
25548 25549
36207 36208 36220
36206 36207
36205 36208 36207 36206
26870 26871
36203 36204
25541 25543 25542 25545 25544
36202 36204 36203
25540 25541 25542 25547 25546
36201 36204 36203 36202
14896 18265 25642 25643 18725
14894 15069 15002 34893 34906 34913
13569 18710 18709 18711 18712 20976 20975
13568 21164
36209 36212 36211 36210
13572 14869 14865 14866
13573 13574
13571 14871 16013 21065
24222 29303 29302 29304
26885 26886
25553 25554
26884 26890 26885 26887 26886 26889 26888
25556 25558 25557
26887 26890 26889 26888
25555 25556
26886 26890 26887 26889 26888
26889 26890
26888 26890 26889
24229 24230 24231 24232
25559 25561 25560 25562
25550 25551
26881 26883 26882
26880 26881 26883 26882
25552 25554 25553
26883 26890 26884 26887 26886 26889 26888
24221 24276 24277 24311 24312 24317
26882 26883
13577 13590 13591 13592 13588 13589
13575 13576
13578 16378 17085 35053 35052
13579 13580 13581
25529 25530 25532 25531 25534 25533
26859 26860
14870 15142 16011 16010 14871 15200 15144 15143 16012
14871 16011 20643 16012
26851 26908 26863 26854 26864 26897 26922 26866
25523 25524
26854 26937 26914 26936 26939 26916 26938 26919 26918 26873 26931 26897 26930 26856 26911 26933 26932 26858 26935 26912 26934 26872 26926 26925 26906 26928 26905 26927 26929 26863 26920 26922 26866 26921 26869 26924 26868 26923 26861
26853 26854 26866 26868
25525 25526
26856 26925 26936 26905 26918 26897 26911 26921 26858 26857 26923
25527 25528
26858 26897 26866
12211 12212
14874 15101
12210 12211 12212
13544 34332
12213 12214
14873 15054 14878
14879 34884 34883 14996 14995 14994 15059 14997
14876 14937 14903 14980 14882 14880 14907 14983
25539 25541 25540 25543 25542 25545 25544 25547 25546
14881 14936 34935
14882 14903 34882 14907
14880 14937 14903 14908 14882 14909 34882 14907 14942
26863 26905 26908 26907 26864 26897 26911
25531 25534
26865 27053
25535 25536
26866 26919 26931 26897 26930 26878 26877 26868 26879
25538 25539 25541 25540
24207 24220
25530 25531
26861 26869
26860 26863
14886 15058 15057 14973 14933 14923 14887
12224 12240
13552 13637
14883 15006 34939 34938 34937 34936 15107
14884 14948 14949
14889 15010 34886 34885 34891 14974 34890 34889
13559 29100 29099 29098
14887 23605 34940 14923
13557 13558
4903 4935
4904 13460 36200 28758 4925 4905 18818 13544 4987 4946 36192 36191 13496 36199 36198 19097 36197 36196 36195 19094 36194 36193 28781 28784 13552 11136 33944
4907 17188
4908 4909 4910
4909 4910
4900 13282 13283 6124 13143 13144 13284 12048 13145 9274 11127
4901 4902
36291 36297 36296 36295 36294 36293 36292
36290 36291 36294 36293 36292
36298 36299
36296 36297
36295 36297 36296
36293 36294
36292 36294 36293
4914 4915 5000 13537
4915 5000 13537
4917 35872 35871 35870
4918 4932
4910 4926
4911 4936 14649 14650 4972 4973 14647 14648
4912 4989
4913 4914 4915
36288 36289
36287 36289 36288
36285 36286
36281 36282
4925 4938 13473
24294 24295
4929 4977
4920 4931 4942 4921 4923
4921 5584 4931 4923
4924 4994
24290 24291
36277 36278
36275 36276
36273 36274
36270 36271
3604 5382 21424 21423 21422 5264 4694 7443 20616 5260 22190 22191 22192 22193 22194 22195 5259 5413 18656 7319 20620 21432 5276 21397 8389 15792 20628 20627 4618 10825 15433 4736 4616 4737 21488 22176 21409 22177 22178 22179 14839 5314 21481 4743 4227 4744 4228 4745 3791 5333 7237 19695 22187 22188 22189 22180 22181 22182 22183 22184 22185 22186 6898 4755 4756 4757 5208 5340 3680 5220 5345 5466 8335 7080 13202 5217 5339 4405 7412 9154 5194 10186 6838 7145 6176 5761 5883 22013 5237 4424 11400 19777 4440 5498 3742 3743 18602
4936 4972 4973
4937 4938 13561 13560 4978 13524
4938 13473 4978
3601 27076 27284 16750 26499 26435 3711 3920 3943
4939 4940 4941 4998 4988 4967 4968
36279 36280
3609 3610 3713 3901
3608 27137 27138 26217 27135 3610 27136 27133 27134 3609 4767 3943 3713 3901
3607 26863 26854 26897 3823
4933 4938 13473 20964
3606 26854 26931 26897 26930 3607 26866 26803 26858
4934 23693 25910
12291 15346 21659 21779
12293 12310 12304
12292 12293 12332 12304
12297 12299 12298
12296 30497 30496
36265 36266
4947 11416 6216 9649 13244 6217 6877 13245 11038 6879 11037
4949 5948 5947 13546
24272 24283
3611 21410 23495 23682 5424 5217 4426
24273 25303 25302
3610 27140 26552 27139 3713
24274 29310 29311 29307 29309 29308
24276 24277
4940 5010 4941 4998 4988 4967 4968
12298 12299
3619 26660
3618 3672
3616 3617
4946 36192 36208 36191 36207 36206 36205
4960 10920 15180
24288 29227
36255 36256
24289 24291 24290
36253 36254
36252 36254 36253
3626 3681 3890 9865 4023 5145 24485 9864 5159 13444 4677
4958 4959
3625 27098 27099 27097 27029 3920 27081
4959 35288 35287 35286 35285 35284
3624 3625 3653 3920
3623 3625 3624 27029 3920
3622 3717 3691 3640 13217 13216
3621 15253
24287 24288
4950 6637
4952 14162 18743 11074 7388 10803 5696 8213 10707 18759 8737 19118
4953 4993
4955 4956
3628 3629
